M1=100;
B1=50;
K1=50;
K12=2;
M2=5;