M1=100;
B1=50;
K1=50;
K12=25;
M2=50;